  1.00 
  0.80 
  0.80 
  1.00 
  0.00 
  0.63 
  0.13 
  0.00 
  0.08 
  0.80 
  1.00 
  1.00 
  1.00 
  0.91 
  0.00 
  0.00 
  0.00 
  0.11 
  1.00 
  1.00 
  1.00 
  0.80 
  0.00 
  0.00 
  0.00 
  0.92 
  0.12 
  0.80 
  0.80 
  1.00 
  1.00 
  0.29 
  0.59 
  0.00 
  0.00 
  0.16 
  0.80 
  1.00 
  1.00 
  1.00 
  0.89 
  0.00 
  0.00 
  0.00 
  0.09 
  1.00 
  0.80 
  1.00 
  1.00 
  0.00 
  0.94 
  0.00 
  0.00 
  0.15 
  1.00 
  0.80 
  1.00 
  1.00 
  0.00 
  0.94 
  0.00 
  0.00 
  0.16 
  0.80 
  1.00 
  1.00 
  1.00 
  0.91 
  0.00 
  0.00 
  0.00 
  0.11 
  1.00 
  0.80 
  1.00 
  1.00 
  0.00 
  0.83 
  0.00 
  0.00 
  0.06 
 -1.00 
  0.81 
  0.12 
 73.96 
